0 1861 536 13
1 2460 7930 14
2 6805 5631 19
3 8286 4305 20
4 4093 6774 21
5 8268 7721 15
6 3627 1360 13
7 8902 282 16
8 2396 2590 22
9 9462 1817 16
10 620 5561 23
11 13 7160 23
12 4291 9335 14
s13 2396 1360 22
s14 4093 7930 21
s15 8268 5631 19
s16 8902 1817 20
s17 2396 5561 23
s18 4093 5631 17
s19 6805 5631 18
s20 8286 4305 15
s21 4093 6774 18
s22 2396 2590 17
s23 620 5561 23

0 1861 536 13
1 2460 7930 14
2 6805 5631 19
3 8286 4305 20
4 4093 6774 21
5 8268 7721 15
6 3627 1360 13
7 8902 282 16
8 2396 2590 22
9 9462 1817 16
10 620 5561 23
11 13 7160 23
12 4291 9335 14
s13 2396 1360 22
s14 4093 7930 21
s15 8268 5631 19
s16 8902 1817 20
s17 2396 5561 23
s18 4093 5631 17
s19 6805 5631 18
s20 8286 4305 15
s21 4093 6774 18
s22 2396 2590 17
s23 620 5561 23

0 3627 1360 13
1 1861 536 13
2 6805 5631 19
3 8286 4305 20
4 9462 1817 15
5 620 5561 21
6 13 7160 21
7 4291 9335 18
8 4093 6774 22
9 8268 7721 14
10 8902 282 15
11 2396 2590 23
12 2460 7930 18
s13 2396 1360 23
s14 8268 5631 19
s15 8902 1817 20
s16 2396 5561 23
s17 4093 5631 16
s18 4093 7930 22
s19 6805 5631 17
s20 8286 4305 14
s21 620 5561 16
s22 4093 6774 17
s23 2396 2590 23

