0 16 21 13
1 1 10 9
2 1 16 10
3 13 10 11
4 16 10 11
5 10 10 12
6 13 21 13
7 13 16 14
8 4 19 10
s9 1 10 12
s10 1 16 9
s11 13 10 14
s12 10 10 11
s13 13 21 14
s14 13 16 14

0 10 19 38
1 13 4 39
2 4 21 40
3 13 7 41
4 20 4 42
5 1 21 43
6 1 7 44
7 7 16 45
8 10 13 46
9 16 4 47
10 10 4 48
11 10 7 49
12 7 21 50
13 20 10 51
14 1 13 63
15 16 13 52
16 20 7 53
17 10 21 38
18 20 19 61
19 13 13 54
20 7 10 55
21 4 4 56
22 7 4 57
23 7 19 58
24 20 13 59
25 16 16 60
26 20 16 61
27 1 19 43
28 13 19 38
29 4 16 62
30 4 13 63
31 10 16 64
32 4 7 65
33 4 10 66
34 16 7 41
35 1 4 44
36 7 7 67
37 16 19 60
s38 10 19 58
s39 13 4 41
s40 4 21 50
s41 13 7 49
s42 20 4 47
s43 1 21 40
s44 1 7 65
s45 7 16 62
s46 10 13 64
s47 16 4 39
s48 10 4 39
s49 10 7 67
s50 7 21 58
s51 20 10 53
s52 16 13 54
s53 20 7 42
s54 13 13 46
s55 7 10 67
s56 4 4 57
s57 7 4 48
s58 7 19 45
s59 20 13 51
s60 16 16 52
s61 20 16 59
s62 4 16 63
s63 4 13 66
s64 10 16 38
s65 4 7 56
s66 4 10 55
s67 7 7 67

