(0.07630829, 0.77991879) (0.2881456, 0.77991879) 1 0
(0.07630829, 0.77991879) (0.07630829, 0.77991879) 1 1
(0.43840923, 0.72346518) (0.43840923, 0.72346518) 1 1
(0.43840923, 0.72346518) (0.43840923, 0.83791799) 1 0
(0.90912837, 0.53849587) (0.97798951, 0.53849587) 0 1
(0.97798951, 0.53849587) (0.97798951, 0.53849587) 1 1
(0.50112046, 0.07205113) (0.50112046, 0.07205113) 1 1
(0.50112046, 0.06593635) (0.50112046, 0.27604905) 0 0
(0.23030288, 0.4998825) (0.37238469, 0.4998825) 0 0
(0.26843898, 0.4998825) (0.26843898, 0.4998825) 1 1
(0.60054892, 0.80373904) (0.67923, 0.80373904) 0 1
(0.67923, 0.80373904) (0.67923, 0.80373904) 1 1
(0.38094113, 0.06593635) (0.50112046, 0.06593635) 1 0
(0.38094113, 0.06593635) (0.38094113, 0.06593635) 1 1
(0.2881456, 0.90959353) (0.2881456, 0.90959353) 1 1
(0.2881456, 0.77991879) (0.2881456, 0.90959353) 0 1
(0.21338535, 0.45212396) (0.21338535, 0.45212396) 1 1
(0.21338535, 0.45212396) (0.21338535, 0.49076589) 1 0
(0.93120602, 0.02489923) (0.93120602, 0.02489923) 1 1
(0.93120602, 0.02489923) (0.93120602, 0.13316945) 1 0
(0.60054892, 0.9501295) (0.60054892, 0.9501295) 1 1
(0.60054892, 0.75040986) (0.60054892, 0.9501295) 0 1
(0.23030288, 0.54848992) (0.23030288, 0.54848992) 1 1
(0.23030288, 0.49076589) (0.23030288, 0.77991879) 0 0
(0.90912837, 0.13316945) (0.93120602, 0.13316945) 1 0
(0.90912837, 0.13316945) (0.90912837, 0.53849587) 1 0
(0.43840923, 0.75040986) (0.60054892, 0.75040986) 0 0
(0.52341258, 0.75040986) (0.52341258, 0.75040986) 1 1
(0.66901324, 0.46775286) (0.66901324, 0.46775286) 1 1
(0.66901324, 0.27604905) (0.66901324, 0.80373904) 0 0
(0.20484909, 0.49076589) (0.23030288, 0.49076589) 1 0
(0.20484909, 0.49076589) (0.20484909, 0.49076589) 1 1
(0.37238469, 0.47740115) (0.37238469, 0.47740115) 1 1
(0.37238469, 0.47740115) (0.37238469, 0.4998825) 1 0
(0.2881456, 0.83791799) (0.43840923, 0.83791799) 0 0
(0.36589039, 0.83791799) (0.36589039, 0.83791799) 1 1
(0.66901324, 0.31399468) (0.90912837, 0.31399468) 0 0
(0.76864751, 0.31399468) (0.76864751, 0.31399468) 1 1
(0.50112046, 0.27604905) (0.66901324, 0.27604905) 0 0
(0.57262533, 0.27604905) (0.57262533, 0.27604905) 1 1
