(0.3366, 0.1322) (0.8086, 0.1322) 0 0
(0.787, 0.1322) (0.787, 0.1322) 1 1
(0.3366, 0.0572) (0.3366, 0.0572) 1 1
(0.3366, 0.0572) (0.3366, 0.2037) 1 0
(0.8086, 0.4411) (0.8086, 0.4411) 1 1
(0.8086, 0.1322) (0.8086, 0.5039) 0 0
(0.1135, 0.4358) (0.2435, 0.4358) 1 0
(0.1135, 0.2037) (0.1135, 0.4358) 0 1
(0.2435, 0.5172) (0.2877, 0.5172) 1 0
(0.2435, 0.4358) (0.2435, 0.5172) 0 1
(0.2877, 0.531) (0.3856, 0.531) 0 0
(0.3497, 0.531) (0.3497, 0.531) 1 1
(0.0126, 0.2037) (0.3366, 0.2037) 1 0
(0.0126, 0.2037) (0.0126, 0.2037) 1 1
(0.3856, 0.593) (0.3856, 0.593) 1 1
(0.3856, 0.531) (0.3856, 0.593) 0 1
(0.8086, 0.5039) (0.8813, 0.5039) 0 1
(0.8813, 0.5039) (0.8813, 0.5039) 1 1
(0.2877, 0.7431) (0.2877, 0.7431) 1 1
(0.2877, 0.5172) (0.2877, 0.7431) 0 1
