(0.04065581, 0.77991879) (0.18045162, 0.77991879) 0 0
(0.07630829, 0.77991879) (0.07630829, 0.77991879) 1 1
(0.43840923, 0.72346518) (0.43840923, 0.72346518) 1 1
(0.43840923, 0.71932412) (0.43840923, 0.72346518) 0 1
(0.90912837, 0.53849587) (0.97798951, 0.53849587) 0 1
(0.97798951, 0.53849587) (0.97798951, 0.53849587) 1 1
(0.41488598, 0.07205113) (0.50112046, 0.07205113) 0 1
(0.50112046, 0.07205113) (0.50112046, 0.35297837) 1 0
(0.23030288, 0.4998825) (0.26843898, 0.4998825) 0 1
(0.26843898, 0.4757645) (0.26843898, 0.4998825) 0 1
(0.67923, 0.80373904) (0.67923, 0.80373904) 1 1
(0.67923, 0.71724223) (0.67923, 0.80373904) 0 1
(0.38094113, 0.06593635) (0.41488598, 0.06593635) 1 0
(0.38094113, 0.06593635) (0.38094113, 0.06593635) 1 1
(0.18045162, 0.90959353) (0.2881456, 0.90959353) 0 1
(0.2881456, 0.83791799) (0.2881456, 0.90959353) 0 1
(0.1655014, 0.45212396) (0.21338535, 0.45212396) 0 1
(0.21338535, 0.45212396) (0.21338535, 0.49076589) 1 0
(0.93120602, 0.02489923) (0.93120602, 0.02489923) 1 1
(0.93120602, 0.02489923) (0.93120602, 0.13111064) 1 0
(0.60054892, 0.9501295) (0.60054892, 0.9501295) 1 1
(0.60054892, 0.75040986) (0.60054892, 0.9501295) 0 1
(0.23030288, 0.54848992) (0.23030288, 0.54848992) 1 1
(0.23030288, 0.4998825) (0.23030288, 0.54848992) 0 1
(0.90912837, 0.13316945) (0.90912837, 0.13316945) 1 1
(0.90912837, 0.13111064) (0.90912837, 0.94504822) 0 0
(0.52341258, 0.75040986) (0.67923, 0.75040986) 1 0
(0.52341258, 0.75040986) (0.52341258, 0.75040986) 1 1
(0.65739946, 0.46775286) (0.66901324, 0.46775286) 0 1
(0.66901324, 0.46775286) (0.66901324, 0.5229062) 1 0
(0.20484909, 0.49076589) (0.21338535, 0.49076589) 1 0
(0.20484909, 0.49076589) (0.20484909, 0.49076589) 1 1
(0.30873366, 0.47740115) (0.37238469, 0.47740115) 0 1
(0.37238469, 0.42645357) (0.37238469, 0.47740115) 0 1
(0.2881456, 0.83791799) (0.41299183, 0.83791799) 0 0
(0.36589039, 0.83791799) (0.36589039, 0.83791799) 1 1
(0.76864751, 0.31399468) (0.90912837, 0.31399468) 1 0
(0.76864751, 0.31399468) (0.76864751, 0.31399468) 1 1
(0.57262533, 0.27604905) (0.59259469, 0.27604905) 1 0
(0.57262533, 0.27604905) (0.57262533, 0.27604905) 1 1
(0.32442617, 0.35297837) (0.50112046, 0.35297837) 0 0
(0.45284293, 0.35297837) (0.45284293, 0.35297837) 1 1
(0.59259469, 0.37035108) (0.65739946, 0.37035108) 0 1
(0.65739946, 0.37035108) (0.65739946, 0.46775286) 1 0
(0.43840923, 0.71932412) (0.5243456, 0.71932412) 0 0
(0.45909298, 0.71932412) (0.45909298, 0.71932412) 1 1
(0.41299183, 0.90642327) (0.41299183, 0.90642327) 1 1
(0.41299183, 0.77490038) (0.41299183, 0.90642327) 0 1
(0.18045162, 0.74111887) (0.18045162, 0.74111887) 1 1
(0.18045162, 0.74111887) (0.18045162, 0.90959353) 1 0
(0.37238469, 0.42645357) (0.42237404, 0.42645357) 0 1
(0.42237404, 0.35297837) (0.42237404, 0.42645357) 0 1
(0.63437987, 0.5229062) (0.66901324, 0.5229062) 1 0
(0.63437987, 0.5229062) (0.63437987, 0.5229062) 1 1
(0.41488598, 0.00142688) (0.41488598, 0.00142688) 1 1
(0.41488598, 0.00142688) (0.41488598, 0.07205113) 1 0
(0.09226235, 0.70939439) (0.14714757, 0.70939439) 1 0
(0.09226235, 0.70939439) (0.09226235, 0.70939439) 1 1
(0.5243456, 0.69616046) (0.5243456, 0.69616046) 1 1
(0.5243456, 0.69616046) (0.5243456, 0.75040986) 1 0
(0.90912837, 0.68291385) (0.95546832, 0.68291385) 0 1
(0.95546832, 0.68291385) (0.95546832, 0.68291385) 1 1
(0.05312869, 0.30885268) (0.05312869, 0.30885268) 1 1
(0.05312869, 0.30885268) (0.05312869, 0.34353653) 1 0
(0.50112046, 0.23512041) (0.59259469, 0.23512041) 0 1
(0.59259469, 0.23512041) (0.59259469, 0.37035108) 1 0
(0.90912837, 0.94504822) (0.964971, 0.94504822) 0 1
(0.964971, 0.94504822) (0.964971, 0.94504822) 1 1
(0.7963907, 0.472324) (0.90912837, 0.472324) 0 0
(0.84840088, 0.472324) (0.84840088, 0.472324) 1 1
(0.84147671, 0.13111064) (0.93120602, 0.13111064) 1 0
(0.84147671, 0.13111064) (0.84147671, 0.13111064) 1 1
(0.30873366, 0.46299639) (0.30873366, 0.46299639) 1 1
(0.30873366, 0.46299639) (0.30873366, 0.47740115) 1 0
(0.66901324, 0.48582523) (0.7418472, 0.48582523) 0 1
(0.7418472, 0.48582523) (0.7418472, 0.52239013) 1 0
(0.05312869, 0.34353653) (0.13687612, 0.34353653) 0 1
(0.13687612, 0.34353653) (0.13687612, 0.41490177) 1 0
(0.32442617, 0.3004189) (0.32442617, 0.3004189) 1 1
(0.32442617, 0.3004189) (0.32442617, 0.35297837) 1 0
(0.13687612, 0.41490177) (0.1655014, 0.41490177) 0 1
(0.1655014, 0.41490177) (0.1655014, 0.45212396) 1 0
(0.41299183, 0.77490038) (0.4606303, 0.77490038) 0 0
(0.44812066, 0.77490038) (0.44812066, 0.77490038) 1 1
(0.7418472, 0.52239013) (0.7963907, 0.52239013) 0 1
(0.7963907, 0.472324) (0.7963907, 0.52239013) 0 1
(0.4606303, 0.7782136) (0.4606303, 0.7782136) 1 1
(0.4606303, 0.71932412) (0.4606303, 0.7782136) 0 1
(0.88728895, 0.67491877) (0.90912837, 0.67491877) 1 0
(0.88728895, 0.67491877) (0.88728895, 0.67491877) 1 1
(0.80047905, 0.93911135) (0.90912837, 0.93911135) 1 0
(0.80047905, 0.93911135) (0.80047905, 0.93911135) 1 1
(0.04065581, 0.87567172) (0.04065581, 0.87567172) 1 1
(0.04065581, 0.77991879) (0.04065581, 0.87567172) 0 1
(0.21338535, 0.4757645) (0.30873366, 0.4757645) 0 0
(0.27656307, 0.4757645) (0.27656307, 0.4757645) 1 1
(0.67923, 0.71724223) (0.90912837, 0.71724223) 0 0
(0.79676096, 0.71724223) (0.79676096, 0.71724223) 1 1
(0.14714757, 0.65874826) (0.14714757, 0.65874826) 1 1
(0.14714757, 0.65874826) (0.14714757, 0.77991879) 1 0
